[0,1,0,0,1,1,1,1,1],
[0,0,0,0,1,1,1,1,1],
[0,1,0,1,1,1,1,1,1],
[0,0,0,0,1,1,1,1,1],
[0,1,0,0,1,1,1,1,1],
[0,0,0,0,1,1,1,1,1],
[0,1,0,1,1,1,1,1,1],
[0,0,0,0,1,1,1,1,1],
[0,1,0,1,1,1,1,1,1],
[1,1,0,1,1,1,1,1,1],
[0,1,1,1,1,1,1,1,1],
[0,1,1,1,1,1,1,1,1],
[0,1,0,1,1,1,1,1,1],
[0,1,0,1,1,1,1,1,1],
[1,1,0,1,1,1,1,1,1],
[0,1,1,1,1,1,1,1,1],
[0,1,0,1,1,1,1,1,1],
[0,0,0,0,1,1,1,1,1],
[0,1,0,1,1,1,1,1,1],
[0,0,0,1,1,1,1,1,1],
[0,1,0,0,1,1,1,1,1],
[0,1,0,0,1,1,1,1,1],
[0,1,0,1,1,1,1,1,1],
[0,1,0,0,1,1,1,1,1],
[1,1,0,1,1,1,1,1,1],
[0,1,0,1,1,1,1,1,1],
[1,1,1,1,1,1,1,1,1],
[1,1,1,1,1,1,1,1,1],
[1,1,0,1,1,1,1,1,1],
[0,1,0,1,1,1,1,1,1],
[1,1,1,1,1,1,1,1,1],
[1,1,1,1,1,1,1,1,1],
[0,1,0,0,1,1,1,1,1],
[0,1,0,0,1,1,1,1,1],
[0,1,0,0,1,1,1,1,1],
[0,0,0,0,1,1,1,1,1],
[0,1,0,0,1,1,1,1,1],
[0,0,0,0,1,1,1,1,1],
[0,1,0,1,1,1,1,1,1],
[0,1,0,1,1,1,1,1,1],
[1,1,1,1,1,1,1,1,1],
[1,1,1,1,1,1,1,1,1],
[1,1,1,1,1,1,1,1,1],
[1,1,1,1,1,1,1,1,1],
[1,1,1,1,1,1,1,1,1],
[1,1,1,1,1,1,1,1,1],
[1,1,1,1,1,1,1,1,1],
[1,1,1,1,1,1,1,1,1]

["FP$^*$","FP$^{-}$","FP$^{+}$","KP$^*$","KP$^{-}$","KP$^{+}$","KP$^{+/-}$","CPLEX$_{std}$","CPLEX$_{feas}$"]
